"iteration","species","design","d0_est","g0_est","sig_est","d0_tru","g0_tru","sig_tru","seed_i","seed_j"
0,"test","test",NA,NA,NA,NA,NA,NA,NA,NA
1,"genet","emp60",-0.848430469358713,0.976830355295974,-0.74885142913928,-0.852085222198384,0.948699798905491,-0.72856493574715,2,1
2,"genet","emp60",-0.763115797673402,0.678590776746217,-0.699643620050523,-0.852085222198384,0.948699798905491,-0.72856493574715,2,1
3,"genet","emp60",-0.888910318192503,1.03239749481479,-0.716141999123931,-0.852085222198384,0.948699798905491,-0.72856493574715,2,1
4,"genet","emp60",-0.877131602493223,1.01735287144466,-0.700458175305299,-0.852085222198384,0.948699798905491,-0.72856493574715,2,1
5,"genet","emp60",-0.983223880805867,1.02913189490988,-0.685732864997198,-0.852085222198384,0.948699798905491,-0.72856493574715,2,1
6,"genet","emp60",-0.81722825435973,0.906464405876683,-0.734358248089391,-0.852085222198384,0.948699798905491,-0.72856493574715,2,1
7,"genet","emp60",-0.74006397775356,1.02526279303098,-0.791860644593348,-0.852085222198384,0.948699798905491,-0.72856493574715,2,1
8,"genet","emp60",-0.665649594757818,0.899933554191864,-0.775673966205025,-0.852085222198384,0.948699798905491,-0.72856493574715,2,1
9,"genet","emp60",-0.898134375223009,0.953733066168754,-0.703464436562513,-0.852085222198384,0.948699798905491,-0.72856493574715,2,1
10,"genet","emp60",-0.696583508173236,1.03078143452712,-0.817341738283722,-0.852085222198384,0.948699798905491,-0.72856493574715,2,1
11,"genet","emp60",-0.784288789754675,0.893126447162363,-0.730443623509706,-0.852085222198384,0.948699798905491,-0.72856493574715,2,1
12,"genet","emp60",-0.880320743388584,0.938446453136942,-0.703569502884551,-0.852085222198384,0.948699798905491,-0.72856493574715,2,1
13,"genet","emp60",-0.893917040995194,1.02436664078233,-0.729425893356981,-0.852085222198384,0.948699798905491,-0.72856493574715,2,1
14,"genet","emp60",-0.570294534648878,0.969397053064564,-0.820575551517308,-0.852085222198384,0.948699798905491,-0.72856493574715,2,1
15,"genet","emp60",-0.867790826960771,0.988247051744601,-0.707332056530946,-0.852085222198384,0.948699798905491,-0.72856493574715,2,1
16,"genet","emp60",-0.917770015263797,1.06903741003925,-0.770395810276585,-0.852085222198384,0.948699798905491,-0.72856493574715,2,1
17,"genet","emp60",-0.794267267717824,0.749641210133523,-0.684761897349315,-0.852085222198384,0.948699798905491,-0.72856493574715,2,1
18,"genet","emp60",-0.800611767888573,0.805720429980943,-0.709602183609404,-0.852085222198384,0.948699798905491,-0.72856493574715,2,1
19,"genet","emp60",-0.842799856169155,1.04028728586453,-0.757324621246556,-0.852085222198384,0.948699798905491,-0.72856493574715,2,1
20,"genet","emp60",-0.847728765284401,0.957207900494562,-0.738042120400928,-0.852085222198384,0.948699798905491,-0.72856493574715,2,1
21,"genet","emp60",-0.75597871499906,0.719987804582155,-0.717198034795995,-0.852085222198384,0.948699798905491,-0.72856493574715,2,1
22,"genet","emp60",-0.754536408655854,0.995735659516008,-0.782844358736075,-0.852085222198384,0.948699798905491,-0.72856493574715,2,1
23,"genet","emp60",-0.90917888293205,0.951548983748054,-0.710079032660759,-0.852085222198384,0.948699798905491,-0.72856493574715,2,1
24,"genet","emp60",-0.895986816106803,0.97252955957435,-0.69448993730063,-0.852085222198384,0.948699798905491,-0.72856493574715,2,1
25,"genet","emp60",-0.797955829333805,0.837593587329251,-0.692955677318562,-0.852085222198384,0.948699798905491,-0.72856493574715,2,1
26,"genet","emp60",-0.92796205970387,0.908837397062804,-0.683825647113326,-0.852085222198384,0.948699798905491,-0.72856493574715,2,1
27,"genet","emp60",-0.826705360329347,1.04143764645742,-0.777166628553123,-0.852085222198384,0.948699798905491,-0.72856493574715,2,1
28,"genet","emp60",-0.615731559886097,0.96084989008805,-0.848331545195716,-0.852085222198384,0.948699798905491,-0.72856493574715,2,1
29,"genet","emp60",-1.03420716258168,1.11186318910033,-0.672059938983344,-0.852085222198384,0.948699798905491,-0.72856493574715,2,1
30,"genet","emp60",-0.658508929746659,0.825589326212246,-0.773709725823887,-0.852085222198384,0.948699798905491,-0.72856493574715,2,1
31,"genet","emp60",-0.773297944950212,0.686786537879866,-0.668166009382573,-0.852085222198384,0.948699798905491,-0.72856493574715,2,1
32,"genet","emp60",-0.941567110571467,0.960083978938908,-0.699910564695278,-0.852085222198384,0.948699798905491,-0.72856493574715,2,1
33,"genet","emp60",-0.925537554493927,0.943259529289911,-0.684844747382529,-0.852085222198384,0.948699798905491,-0.72856493574715,2,1
34,"genet","emp60",-0.765788544054629,0.824304838435282,-0.742599602217779,-0.852085222198384,0.948699798905491,-0.72856493574715,2,1
35,"genet","emp60",-0.789068697490947,0.724735882576337,-0.615611205724321,-0.852085222198384,0.948699798905491,-0.72856493574715,2,1
36,"genet","emp60",-0.971417618722612,0.955048462500632,-0.704118164616913,-0.852085222198384,0.948699798905491,-0.72856493574715,2,1
37,"genet","emp60",-0.52893552242805,0.948748610076542,-0.855359354626967,-0.852085222198384,0.948699798905491,-0.72856493574715,2,1
38,"genet","emp60",-0.792137870031252,0.803210986364862,-0.695451074767341,-0.852085222198384,0.948699798905491,-0.72856493574715,2,1
39,"genet","emp60",-0.600586874965857,0.912898093639303,-0.793961735642878,-0.852085222198384,0.948699798905491,-0.72856493574715,2,1
40,"genet","emp60",-0.83518138933927,0.85240191596094,-0.707688026355767,-0.852085222198384,0.948699798905491,-0.72856493574715,2,1
41,"genet","emp60",-0.778742366660841,0.95587764384346,-0.802737850079033,-0.852085222198384,0.948699798905491,-0.72856493574715,2,1
42,"genet","emp60",-0.717560134650963,0.905102668255135,-0.760956466768384,-0.852085222198384,0.948699798905491,-0.72856493574715,2,1
43,"genet","emp60",-0.835582624138086,0.957735830491425,-0.711260314577572,-0.852085222198384,0.948699798905491,-0.72856493574715,2,1
44,"genet","emp60",-0.991638604796515,1.08419478708128,-0.699598622977955,-0.852085222198384,0.948699798905491,-0.72856493574715,2,1
45,"genet","emp60",-0.807835406452789,0.895857718715108,-0.683290285672034,-0.852085222198384,0.948699798905491,-0.72856493574715,2,1
46,"genet","emp60",-0.695129193600394,1.00839885163037,-0.847644639870928,-0.852085222198384,0.948699798905491,-0.72856493574715,2,1
47,"genet","emp60",-0.718524519557391,1.05477018250172,-0.792490467497928,-0.852085222198384,0.948699798905491,-0.72856493574715,2,1
48,"genet","emp60",-0.87237391018323,0.863434585487853,-0.71193512253882,-0.852085222198384,0.948699798905491,-0.72856493574715,2,1
49,"genet","emp60",-0.973470611729252,1.02079081939776,-0.654107280588584,-0.852085222198384,0.948699798905491,-0.72856493574715,2,1
50,"genet","emp60",-0.761971605041021,0.829225257821974,-0.698040556287951,-0.852085222198384,0.948699798905491,-0.72856493574715,2,1
51,"genet","emp60",-0.900234229013593,0.849774668231123,-0.651915623107815,-0.852085222198384,0.948699798905491,-0.72856493574715,2,1
52,"genet","emp60",-0.87199109853358,1.00181381911332,-0.719304296523375,-0.852085222198384,0.948699798905491,-0.72856493574715,2,1
53,"genet","emp60",-0.863843033876922,0.879741128298337,-0.666494962391287,-0.852085222198384,0.948699798905491,-0.72856493574715,2,1
54,"genet","emp60",-0.864120816193757,1.00451506295878,-0.727120865443826,-0.852085222198384,0.948699798905491,-0.72856493574715,2,1
55,"genet","emp60",-0.894561098458756,1.03380003013204,-0.734489947809827,-0.852085222198384,0.948699798905491,-0.72856493574715,2,1
56,"genet","emp60",-0.924131497156863,0.958477446503378,-0.656189058264583,-0.852085222198384,0.948699798905491,-0.72856493574715,2,1
57,"genet","emp60",-0.677203421057632,0.885967118495797,-0.7822305081391,-0.852085222198384,0.948699798905491,-0.72856493574715,2,1
58,"genet","emp60",-0.946097748262299,0.979866740023291,-0.684170979167643,-0.852085222198384,0.948699798905491,-0.72856493574715,2,1
59,"genet","emp60",-0.830992049220038,0.808205637800674,-0.657596153315373,-0.852085222198384,0.948699798905491,-0.72856493574715,2,1
60,"genet","emp60",-0.957765283915538,0.906656726852563,-0.669032474627969,-0.852085222198384,0.948699798905491,-0.72856493574715,2,1
61,"genet","emp60",-0.757551160172779,0.935551768837498,-0.723598428001111,-0.852085222198384,0.948699798905491,-0.72856493574715,2,1
62,"genet","emp60",-0.577427464144441,0.726104440979823,-0.808604665909234,-0.852085222198384,0.948699798905491,-0.72856493574715,2,1
63,"genet","emp60",-0.748166628755031,0.871026625945299,-0.721224851080675,-0.852085222198384,0.948699798905491,-0.72856493574715,2,1
64,"genet","emp60",-0.871803262760502,0.938665238850141,-0.738027349554875,-0.852085222198384,0.948699798905491,-0.72856493574715,2,1
65,"genet","emp60",-0.96541771482754,0.939167074274758,-0.696995037145303,-0.852085222198384,0.948699798905491,-0.72856493574715,2,1
66,"genet","emp60",-0.803385491522207,0.881713000459887,-0.729212806997503,-0.852085222198384,0.948699798905491,-0.72856493574715,2,1
67,"genet","emp60",-0.570472776007673,0.919202975674328,-0.862800329436438,-0.852085222198384,0.948699798905491,-0.72856493574715,2,1
68,"genet","emp60",-0.95883946370106,0.864625914822904,-0.655429103284873,-0.852085222198384,0.948699798905491,-0.72856493574715,2,1
69,"genet","emp60",-0.608125616571693,0.854358060762845,-0.815082009790988,-0.852085222198384,0.948699798905491,-0.72856493574715,2,1
70,"genet","emp60",-0.750849660496738,0.977338421599321,-0.779439970004423,-0.852085222198384,0.948699798905491,-0.72856493574715,2,1
71,"genet","emp60",-0.77949488475542,0.870092308924385,-0.736267877323368,-0.852085222198384,0.948699798905491,-0.72856493574715,2,1
72,"genet","emp60",-0.716804351311501,0.868563261280649,-0.74274132047625,-0.852085222198384,0.948699798905491,-0.72856493574715,2,1
73,"genet","emp60",-0.873522741656579,0.822071167091513,-0.660925092778413,-0.852085222198384,0.948699798905491,-0.72856493574715,2,1
74,"genet","emp60",-1.0584272056349,0.868888379744902,-0.61955026246023,-0.852085222198384,0.948699798905491,-0.72856493574715,2,1
75,"genet","emp60",-0.878358313662663,0.967020563436163,-0.718550666877955,-0.852085222198384,0.948699798905491,-0.72856493574715,2,1
76,"genet","emp60",-0.769011296316582,0.857696542890058,-0.759214068681965,-0.852085222198384,0.948699798905491,-0.72856493574715,2,1
77,"genet","emp60",-0.639481082596976,0.965291718698553,-0.834259212878646,-0.852085222198384,0.948699798905491,-0.72856493574715,2,1
78,"genet","emp60",-0.966308006808465,0.880250010688316,-0.639655847211548,-0.852085222198384,0.948699798905491,-0.72856493574715,2,1
79,"genet","emp60",-0.846921441158345,0.994936535150593,-0.736528991166113,-0.852085222198384,0.948699798905491,-0.72856493574715,2,1
80,"genet","emp60",-0.555714208167775,1.00991595925973,-0.900223491481244,-0.852085222198384,0.948699798905491,-0.72856493574715,2,1
81,"genet","emp60",-0.755067801918365,0.924851456484307,-0.761385659983996,-0.852085222198384,0.948699798905491,-0.72856493574715,2,1
82,"genet","emp60",-0.733031982224145,0.94837327172144,-0.788288162132658,-0.852085222198384,0.948699798905491,-0.72856493574715,2,1
83,"genet","emp60",-0.741114051460202,1.00219240986467,-0.787059921888379,-0.852085222198384,0.948699798905491,-0.72856493574715,2,1
84,"genet","emp60",-0.85246852741287,0.947020030562052,-0.706197154006127,-0.852085222198384,0.948699798905491,-0.72856493574715,2,1
85,"genet","emp60",-0.75419115355054,0.885745480722996,-0.742317701012627,-0.852085222198384,0.948699798905491,-0.72856493574715,2,1
86,"genet","emp60",-0.691773791834988,0.982930095194832,-0.767171526041618,-0.852085222198384,0.948699798905491,-0.72856493574715,2,1
87,"genet","emp60",-0.721297187221739,0.97214007339029,-0.858301420608346,-0.852085222198384,0.948699798905491,-0.72856493574715,2,1
88,"genet","emp60",-0.783776196637811,1.0311683699878,-0.792613439707328,-0.852085222198384,0.948699798905491,-0.72856493574715,2,1
89,"genet","emp60",-0.832739173963642,0.832296640872075,-0.676839298499019,-0.852085222198384,0.948699798905491,-0.72856493574715,2,1
90,"genet","emp60",-0.734474141101584,0.970829607849602,-0.786518771718139,-0.852085222198384,0.948699798905491,-0.72856493574715,2,1
91,"genet","emp60",-0.810026000568514,1.12635213149267,-0.802611782021135,-0.852085222198384,0.948699798905491,-0.72856493574715,2,1
92,"genet","emp60",-0.729179297677963,0.744728352600565,-0.719219894148865,-0.852085222198384,0.948699798905491,-0.72856493574715,2,1
93,"genet","emp60",-0.988414061619809,0.935235647230676,-0.685685324114897,-0.852085222198384,0.948699798905491,-0.72856493574715,2,1
94,"genet","emp60",-0.845559874310113,0.853409802218954,-0.676247160204102,-0.852085222198384,0.948699798905491,-0.72856493574715,2,1
95,"genet","emp60",-0.964157146829507,0.995575966036292,-0.694954587212485,-0.852085222198384,0.948699798905491,-0.72856493574715,2,1
96,"genet","emp60",-0.84544735800546,0.876298328873637,-0.665821890459575,-0.852085222198384,0.948699798905491,-0.72856493574715,2,1
97,"genet","emp60",-1.0267975028124,0.848380836830079,-0.597534396690146,-0.852085222198384,0.948699798905491,-0.72856493574715,2,1
98,"genet","emp60",-0.86050725783702,1.05817034443984,-0.755254195514148,-0.852085222198384,0.948699798905491,-0.72856493574715,2,1
99,"genet","emp60",-0.828629004674478,0.919488172965739,-0.729360620400074,-0.852085222198384,0.948699798905491,-0.72856493574715,2,1
100,"genet","emp60",-0.850925167172915,0.919672902699357,-0.711734934869407,-0.852085222198384,0.948699798905491,-0.72856493574715,2,1
1,"genet","emp100",-0.786015189510235,0.917807050983462,-0.747102272455096,-0.852085222198384,0.948699798905491,-0.72856493574715,2,2
2,"genet","emp100",-0.900838118565476,0.958705839271755,-0.68547987602302,-0.852085222198384,0.948699798905491,-0.72856493574715,2,2
3,"genet","emp100",-0.72709874814381,0.924320920517452,-0.762662148749866,-0.852085222198384,0.948699798905491,-0.72856493574715,2,2
4,"genet","emp100",-0.94533595443312,0.893893370101832,-0.656029389845511,-0.852085222198384,0.948699798905491,-0.72856493574715,2,2
5,"genet","emp100",-0.849436029681248,0.914136456481507,-0.698840190291264,-0.852085222198384,0.948699798905491,-0.72856493574715,2,2
6,"genet","emp100",-0.850005342358111,1.02951904205252,-0.756873862855147,-0.852085222198384,0.948699798905491,-0.72856493574715,2,2
7,"genet","emp100",-0.855297693408146,0.958245674936474,-0.716823340644527,-0.852085222198384,0.948699798905491,-0.72856493574715,2,2
8,"genet","emp100",-0.79462216217117,0.924431251687303,-0.739016913555034,-0.852085222198384,0.948699798905491,-0.72856493574715,2,2
9,"genet","emp100",-0.774835871081876,0.896210777312299,-0.774173170342653,-0.852085222198384,0.948699798905491,-0.72856493574715,2,2
10,"genet","emp100",-0.839016596464118,0.956299519115317,-0.734029218126858,-0.852085222198384,0.948699798905491,-0.72856493574715,2,2
11,"genet","emp100",-0.759565642755562,0.904410550834959,-0.747787814612647,-0.852085222198384,0.948699798905491,-0.72856493574715,2,2
12,"genet","emp100",-0.933957427870473,0.890580503947712,-0.689250039742859,-0.852085222198384,0.948699798905491,-0.72856493574715,2,2
13,"genet","emp100",-0.77258549671535,0.976710095158359,-0.737389523041188,-0.852085222198384,0.948699798905491,-0.72856493574715,2,2
14,"genet","emp100",-0.860611822904193,1.03103831416783,-0.725311474016745,-0.852085222198384,0.948699798905491,-0.72856493574715,2,2
15,"genet","emp100",-0.874974101272414,0.934923619254736,-0.667329170467978,-0.852085222198384,0.948699798905491,-0.72856493574715,2,2
16,"genet","emp100",-0.821025686138448,0.926774680537427,-0.693806714418787,-0.852085222198384,0.948699798905491,-0.72856493574715,2,2
17,"genet","emp100",-0.875449256425846,0.961590329298365,-0.722193918530658,-0.852085222198384,0.948699798905491,-0.72856493574715,2,2
18,"genet","emp100",-0.8344553434105,1.0437570203943,-0.735895850144901,-0.852085222198384,0.948699798905491,-0.72856493574715,2,2
19,"genet","emp100",-0.814306720559451,0.905304389587803,-0.707049021220395,-0.852085222198384,0.948699798905491,-0.72856493574715,2,2
20,"genet","emp100",-0.772680252458942,0.931291901284695,-0.757814720368677,-0.852085222198384,0.948699798905491,-0.72856493574715,2,2
21,"genet","emp100",-0.798497534571045,1.01513556621011,-0.754363818498566,-0.852085222198384,0.948699798905491,-0.72856493574715,2,2
22,"genet","emp100",-0.795006035953689,1.01603518185691,-0.76561588951609,-0.852085222198384,0.948699798905491,-0.72856493574715,2,2
23,"genet","emp100",-0.828844182087882,0.971564551640852,-0.73428492634514,-0.852085222198384,0.948699798905491,-0.72856493574715,2,2
24,"genet","emp100",-0.741915990184217,0.872468548669515,-0.735157503138748,-0.852085222198384,0.948699798905491,-0.72856493574715,2,2
25,"genet","emp100",-0.779182945757721,0.995129679693509,-0.77228508156235,-0.852085222198384,0.948699798905491,-0.72856493574715,2,2
26,"genet","emp100",-0.767998597903593,0.920905786205002,-0.738674911714083,-0.852085222198384,0.948699798905491,-0.72856493574715,2,2
27,"genet","emp100",-0.85998856507322,0.857620841215281,-0.665638823205729,-0.852085222198384,0.948699798905491,-0.72856493574715,2,2
28,"genet","emp100",-0.762367922866829,1.02252941978922,-0.770112623647354,-0.852085222198384,0.948699798905491,-0.72856493574715,2,2
29,"genet","emp100",-0.845938458326193,0.926611618210797,-0.725047878975684,-0.852085222198384,0.948699798905491,-0.72856493574715,2,2
30,"genet","emp100",-0.829526036562248,0.951237013365498,-0.719053365617589,-0.852085222198384,0.948699798905491,-0.72856493574715,2,2
31,"genet","emp100",-0.880546997117031,0.944988538838946,-0.682010344658015,-0.852085222198384,0.948699798905491,-0.72856493574715,2,2
32,"genet","emp100",-0.929928579705738,0.945573576391333,-0.675155026769967,-0.852085222198384,0.948699798905491,-0.72856493574715,2,2
33,"genet","emp100",-0.862166708853036,0.95363516061209,-0.728878136138406,-0.852085222198384,0.948699798905491,-0.72856493574715,2,2
34,"genet","emp100",-0.93842543540265,0.959211941225774,-0.670822868342905,-0.852085222198384,0.948699798905491,-0.72856493574715,2,2
35,"genet","emp100",-0.840596446548514,0.916543369211665,-0.705605251453341,-0.852085222198384,0.948699798905491,-0.72856493574715,2,2
36,"genet","emp100",-0.821404357868116,0.976036003164711,-0.736233494474269,-0.852085222198384,0.948699798905491,-0.72856493574715,2,2
37,"genet","emp100",-0.821766905498044,1.01135687682787,-0.759469541197888,-0.852085222198384,0.948699798905491,-0.72856493574715,2,2
38,"genet","emp100",-0.828278561170259,1.0556127490602,-0.745681688725646,-0.852085222198384,0.948699798905491,-0.72856493574715,2,2
39,"genet","emp100",-0.825606912819718,0.987695268843352,-0.741183834467757,-0.852085222198384,0.948699798905491,-0.72856493574715,2,2
40,"genet","emp100",-0.84086049620234,0.893359713330303,-0.707331827382091,-0.852085222198384,0.948699798905491,-0.72856493574715,2,2
41,"genet","emp100",-0.840307051510589,0.998709152564605,-0.729967278017902,-0.852085222198384,0.948699798905491,-0.72856493574715,2,2
42,"genet","emp100",-0.91904335782265,1.03848442049311,-0.726159989644236,-0.852085222198384,0.948699798905491,-0.72856493574715,2,2
43,"genet","emp100",-0.951514854585447,0.948477946935496,-0.670296156843201,-0.852085222198384,0.948699798905491,-0.72856493574715,2,2
44,"genet","emp100",-0.773920303884519,0.952265485317655,-0.748261661228585,-0.852085222198384,0.948699798905491,-0.72856493574715,2,2
45,"genet","emp100",-0.749771443091189,0.836322691156244,-0.746209166827936,-0.852085222198384,0.948699798905491,-0.72856493574715,2,2
46,"genet","emp100",-0.73888448157821,0.971066015183605,-0.772875941468204,-0.852085222198384,0.948699798905491,-0.72856493574715,2,2
47,"genet","emp100",-0.827084997921712,0.94649193874074,-0.75259285714981,-0.852085222198384,0.948699798905491,-0.72856493574715,2,2
48,"genet","emp100",-0.877572380868387,1.14894362680143,-0.769174935605686,-0.852085222198384,0.948699798905491,-0.72856493574715,2,2
49,"genet","emp100",-0.837978129770401,0.92533777050222,-0.70781010610169,-0.852085222198384,0.948699798905491,-0.72856493574715,2,2
50,"genet","emp100",-0.833781090985669,1.00388489220582,-0.735917247403765,-0.852085222198384,0.948699798905491,-0.72856493574715,2,2
51,"genet","emp100",-0.794879521235944,1.00706024205886,-0.796092970785774,-0.852085222198384,0.948699798905491,-0.72856493574715,2,2
52,"genet","emp100",-0.84694453732546,0.978187904011462,-0.728364655576659,-0.852085222198384,0.948699798905491,-0.72856493574715,2,2
53,"genet","emp100",-0.821617179023607,0.845797001808265,-0.701446272997168,-0.852085222198384,0.948699798905491,-0.72856493574715,2,2
54,"genet","emp100",-0.904143261583235,0.910649739594635,-0.668938366060452,-0.852085222198384,0.948699798905491,-0.72856493574715,2,2
55,"genet","emp100",-0.828244815785119,1.00292663677785,-0.781941488242833,-0.852085222198384,0.948699798905491,-0.72856493574715,2,2
56,"genet","emp100",-0.832313958604562,1.02936611967695,-0.753091842686208,-0.852085222198384,0.948699798905491,-0.72856493574715,2,2
57,"genet","emp100",-0.809344576662226,0.927975812773788,-0.723679655013598,-0.852085222198384,0.948699798905491,-0.72856493574715,2,2
58,"genet","emp100",-0.976409353077344,0.897846400718326,-0.627927271245888,-0.852085222198384,0.948699798905491,-0.72856493574715,2,2
59,"genet","emp100",-0.788275562909717,0.959460958463758,-0.753640321803357,-0.852085222198384,0.948699798905491,-0.72856493574715,2,2
60,"genet","emp100",-0.846857587201224,0.95150635591157,-0.713917833851393,-0.852085222198384,0.948699798905491,-0.72856493574715,2,2
61,"genet","emp100",-0.750119575631632,0.948358063083985,-0.765043014934203,-0.852085222198384,0.948699798905491,-0.72856493574715,2,2
62,"genet","emp100",-0.766639412323246,0.985764748253171,-0.784322550312253,-0.852085222198384,0.948699798905491,-0.72856493574715,2,2
63,"genet","emp100",-0.830417246830838,1.07515599707217,-0.780756441390324,-0.852085222198384,0.948699798905491,-0.72856493574715,2,2
64,"genet","emp100",-0.834198482308047,0.911153136210132,-0.714977211249575,-0.852085222198384,0.948699798905491,-0.72856493574715,2,2
65,"genet","emp100",-0.896503234712414,0.975864014516581,-0.740074229183227,-0.852085222198384,0.948699798905491,-0.72856493574715,2,2
66,"genet","emp100",-0.883641371272737,0.993527218308216,-0.705332371681376,-0.852085222198384,0.948699798905491,-0.72856493574715,2,2
67,"genet","emp100",-0.827722833207458,0.951427091947794,-0.713786082844732,-0.852085222198384,0.948699798905491,-0.72856493574715,2,2
68,"genet","emp100",-0.780650334021512,0.896904804733506,-0.744380516564144,-0.852085222198384,0.948699798905491,-0.72856493574715,2,2
69,"genet","emp100",-0.915654593774346,1.03406001461029,-0.731974626571604,-0.852085222198384,0.948699798905491,-0.72856493574715,2,2
70,"genet","emp100",-0.773176654654791,0.956889061303572,-0.748002703156264,-0.852085222198384,0.948699798905491,-0.72856493574715,2,2
71,"genet","emp100",-0.916637015253848,0.824962934985276,-0.648055980680052,-0.852085222198384,0.948699798905491,-0.72856493574715,2,2
72,"genet","emp100",-0.860355836105045,0.929694648826598,-0.700439312407419,-0.852085222198384,0.948699798905491,-0.72856493574715,2,2
73,"genet","emp100",-0.912975406661076,0.909990398207213,-0.702280595181751,-0.852085222198384,0.948699798905491,-0.72856493574715,2,2
74,"genet","emp100",-0.915615525530026,1.05687619909459,-0.736110337743515,-0.852085222198384,0.948699798905491,-0.72856493574715,2,2
75,"genet","emp100",-0.866743908776953,0.937245671349219,-0.709556696252981,-0.852085222198384,0.948699798905491,-0.72856493574715,2,2
76,"genet","emp100",-0.941997339960691,1.08944606751987,-0.736580886037086,-0.852085222198384,0.948699798905491,-0.72856493574715,2,2
77,"genet","emp100",-0.890919540424704,0.966623573690533,-0.708471090437032,-0.852085222198384,0.948699798905491,-0.72856493574715,2,2
78,"genet","emp100",-0.811552368825519,0.958998935114023,-0.724874626627989,-0.852085222198384,0.948699798905491,-0.72856493574715,2,2
79,"genet","emp100",-0.861460357625658,0.862939407362262,-0.695342869999084,-0.852085222198384,0.948699798905491,-0.72856493574715,2,2
80,"genet","emp100",-0.852601071411592,0.916863819633514,-0.731251342925329,-0.852085222198384,0.948699798905491,-0.72856493574715,2,2
81,"genet","emp100",-0.892191179709075,0.904118490334117,-0.670768283385789,-0.852085222198384,0.948699798905491,-0.72856493574715,2,2
82,"genet","emp100",-0.911868834766154,0.977662895678901,-0.704190628241853,-0.852085222198384,0.948699798905491,-0.72856493574715,2,2
83,"genet","emp100",-0.79993776844405,0.886414411492241,-0.724033623377039,-0.852085222198384,0.948699798905491,-0.72856493574715,2,2
84,"genet","emp100",-0.838278833993945,0.986707929964788,-0.752411442973317,-0.852085222198384,0.948699798905491,-0.72856493574715,2,2
85,"genet","emp100",-0.825722450449669,0.937834968622682,-0.726458676649763,-0.852085222198384,0.948699798905491,-0.72856493574715,2,2
86,"genet","emp100",-0.916757637399592,0.930274065390042,-0.665921266658837,-0.852085222198384,0.948699798905491,-0.72856493574715,2,2
87,"genet","emp100",-0.747543309839887,1.01628325874197,-0.784485065132319,-0.852085222198384,0.948699798905491,-0.72856493574715,2,2
88,"genet","emp100",-0.861272930857514,0.929199474929008,-0.701902725743758,-0.852085222198384,0.948699798905491,-0.72856493574715,2,2
89,"genet","emp100",-0.755157949440391,0.782484684322001,-0.723756612529626,-0.852085222198384,0.948699798905491,-0.72856493574715,2,2
90,"genet","emp100",-0.854158148662169,0.842447788382829,-0.68726978225599,-0.852085222198384,0.948699798905491,-0.72856493574715,2,2
91,"genet","emp100",-0.799354445568179,0.929648312980734,-0.728760419098659,-0.852085222198384,0.948699798905491,-0.72856493574715,2,2
92,"genet","emp100",-0.802899656950107,0.945756809261462,-0.722549522799535,-0.852085222198384,0.948699798905491,-0.72856493574715,2,2
93,"genet","emp100",-0.863253314031326,1.04906396471925,-0.726376744536239,-0.852085222198384,0.948699798905491,-0.72856493574715,2,2
94,"genet","emp100",-0.773356461410557,0.994004085837337,-0.769387649352563,-0.852085222198384,0.948699798905491,-0.72856493574715,2,2
95,"genet","emp100",-0.863119782743437,0.853824230009809,-0.668973580482511,-0.852085222198384,0.948699798905491,-0.72856493574715,2,2
96,"genet","emp100",-0.822257461202908,1.02841608392735,-0.768488703537056,-0.852085222198384,0.948699798905491,-0.72856493574715,2,2
97,"genet","emp100",-0.832221621875736,0.94782729035534,-0.745062382992679,-0.852085222198384,0.948699798905491,-0.72856493574715,2,2
98,"genet","emp100",-0.818619845551692,0.982214822320653,-0.764247016145162,-0.852085222198384,0.948699798905491,-0.72856493574715,2,2
99,"genet","emp100",-0.833492269090465,0.859305262527724,-0.704199466425771,-0.852085222198384,0.948699798905491,-0.72856493574715,2,2
100,"genet","emp100",-0.836293027924927,0.898979989494955,-0.705479479148252,-0.852085222198384,0.948699798905491,-0.72856493574715,2,2
1,"genet","reg60",-0.598951255857402,0.837881986701478,-0.796451793695881,-0.852085222198384,0.948699798905491,-0.72856493574715,2,3
2,"genet","reg60",-0.766980779096436,0.805296726024471,-0.732682486440367,-0.852085222198384,0.948699798905491,-0.72856493574715,2,3
3,"genet","reg60",-0.651006994613409,1.0310815059032,-0.861419307955534,-0.852085222198384,0.948699798905491,-0.72856493574715,2,3
4,"genet","reg60",-0.691340136231963,0.75537807370911,-0.7472687082056,-0.852085222198384,0.948699798905491,-0.72856493574715,2,3
5,"genet","reg60",-0.968220459610184,1.0722061746057,-0.709486769687541,-0.852085222198384,0.948699798905491,-0.72856493574715,2,3
6,"genet","reg60",-0.743840271318498,0.930533710010681,-0.78268801721795,-0.852085222198384,0.948699798905491,-0.72856493574715,2,3
7,"genet","reg60",-0.756505436818658,0.912522616881684,-0.717324562511071,-0.852085222198384,0.948699798905491,-0.72856493574715,2,3
8,"genet","reg60",-0.906805743773077,1.02053109877298,-0.749463026090195,-0.852085222198384,0.948699798905491,-0.72856493574715,2,3
9,"genet","reg60",-0.983205280387922,0.9843233581428,-0.686401175947405,-0.852085222198384,0.948699798905491,-0.72856493574715,2,3
10,"genet","reg60",-0.921945201218107,0.980333145441587,-0.714213778407084,-0.852085222198384,0.948699798905491,-0.72856493574715,2,3
11,"genet","reg60",-0.875667696191768,0.941838414347547,-0.715525128482345,-0.852085222198384,0.948699798905491,-0.72856493574715,2,3
12,"genet","reg60",-0.717088178138285,0.845968018059978,-0.761013066516676,-0.852085222198384,0.948699798905491,-0.72856493574715,2,3
13,"genet","reg60",-0.574765758796139,0.94921549736172,-0.862933974153931,-0.852085222198384,0.948699798905491,-0.72856493574715,2,3
14,"genet","reg60",-0.93198174634985,1.05435259408812,-0.71936125532189,-0.852085222198384,0.948699798905491,-0.72856493574715,2,3
15,"genet","reg60",-0.741561017912561,0.867854944728708,-0.748291725146279,-0.852085222198384,0.948699798905491,-0.72856493574715,2,3
16,"genet","reg60",-0.897339980186393,1.00564184328256,-0.764873647078801,-0.852085222198384,0.948699798905491,-0.72856493574715,2,3
17,"genet","reg60",-0.834335530982971,0.851291750921876,-0.718526468962238,-0.852085222198384,0.948699798905491,-0.72856493574715,2,3
18,"genet","reg60",-0.67475999250366,0.792836544621357,-0.788920674743408,-0.852085222198384,0.948699798905491,-0.72856493574715,2,3
19,"genet","reg60",-0.685648145371428,0.92512061852072,-0.800321106552305,-0.852085222198384,0.948699798905491,-0.72856493574715,2,3
20,"genet","reg60",-0.914425869571194,0.989579799728538,-0.733410828180398,-0.852085222198384,0.948699798905491,-0.72856493574715,2,3
21,"genet","reg60",-0.750077881628373,0.869665694523723,-0.730966164461996,-0.852085222198384,0.948699798905491,-0.72856493574715,2,3
22,"genet","reg60",-0.812012557704274,0.871174392050601,-0.720605060822031,-0.852085222198384,0.948699798905491,-0.72856493574715,2,3
23,"genet","reg60",-0.905574109925337,0.820261318877747,-0.635533092244069,-0.852085222198384,0.948699798905491,-0.72856493574715,2,3
24,"genet","reg60",-0.754549920470994,0.963585241104903,-0.798752780916054,-0.852085222198384,0.948699798905491,-0.72856493574715,2,3
25,"genet","reg60",-0.910829384088964,0.914890808566702,-0.721908781346458,-0.852085222198384,0.948699798905491,-0.72856493574715,2,3
26,"genet","reg60",-0.671004276634179,0.78010697413111,-0.726843885453907,-0.852085222198384,0.948699798905491,-0.72856493574715,2,3
27,"genet","reg60",-0.77290723526792,0.726016706678582,-0.682156770622694,-0.852085222198384,0.948699798905491,-0.72856493574715,2,3
28,"genet","reg60",-0.818894163315113,1.03925737691192,-0.764638082339344,-0.852085222198384,0.948699798905491,-0.72856493574715,2,3
29,"genet","reg60",-0.965488811671544,1.00913582689257,-0.674729289121505,-0.852085222198384,0.948699798905491,-0.72856493574715,2,3
30,"genet","reg60",-0.815347743924365,0.762919990526784,-0.664509657801964,-0.852085222198384,0.948699798905491,-0.72856493574715,2,3
31,"genet","reg60",-0.852995152363285,0.884085428864556,-0.674775696632827,-0.852085222198384,0.948699798905491,-0.72856493574715,2,3
32,"genet","reg60",-0.652163467819685,1.01607409447553,-0.85194363926378,-0.852085222198384,0.948699798905491,-0.72856493574715,2,3
33,"genet","reg60",-0.794199819475498,0.898532694852818,-0.725317746822337,-0.852085222198384,0.948699798905491,-0.72856493574715,2,3
34,"genet","reg60",-0.725965189680596,0.988673908165466,-0.819010319696409,-0.852085222198384,0.948699798905491,-0.72856493574715,2,3
35,"genet","reg60",-0.858088083155375,0.879475318019536,-0.702865990626247,-0.852085222198384,0.948699798905491,-0.72856493574715,2,3
36,"genet","reg60",-0.736604475381585,0.956574929670274,-0.792267582144922,-0.852085222198384,0.948699798905491,-0.72856493574715,2,3
37,"genet","reg60",-0.758598391206479,0.853719761092155,-0.712406165736353,-0.852085222198384,0.948699798905491,-0.72856493574715,2,3
38,"genet","reg60",-0.818539638507932,0.999689786369081,-0.723767676045208,-0.852085222198384,0.948699798905491,-0.72856493574715,2,3
39,"genet","reg60",-0.765809807564803,0.983447655558788,-0.780555170945438,-0.852085222198384,0.948699798905491,-0.72856493574715,2,3
40,"genet","reg60",-0.609129595477273,0.832177395722179,-0.776677856677483,-0.852085222198384,0.948699798905491,-0.72856493574715,2,3
41,"genet","reg60",-0.79277248894253,0.888278195901239,-0.722811610315326,-0.852085222198384,0.948699798905491,-0.72856493574715,2,3
42,"genet","reg60",-0.879905681914702,0.929398418936103,-0.67436131603414,-0.852085222198384,0.948699798905491,-0.72856493574715,2,3
43,"genet","reg60",-0.822498317951302,1.05912369056172,-0.801126381068612,-0.852085222198384,0.948699798905491,-0.72856493574715,2,3
44,"genet","reg60",-0.912101305823509,1.01298589453834,-0.705868770567676,-0.852085222198384,0.948699798905491,-0.72856493574715,2,3
45,"genet","reg60",-0.903648528722597,0.990185708124145,-0.703487416800984,-0.852085222198384,0.948699798905491,-0.72856493574715,2,3
46,"genet","reg60",-0.8432900720667,0.900787418552945,-0.654514398531065,-0.852085222198384,0.948699798905491,-0.72856493574715,2,3
47,"genet","reg60",-0.899724389394927,0.978927819063619,-0.709217743101981,-0.852085222198384,0.948699798905491,-0.72856493574715,2,3
48,"genet","reg60",-0.583878185093065,0.986555538369433,-0.863058585531275,-0.852085222198384,0.948699798905491,-0.72856493574715,2,3
49,"genet","reg60",-0.872410425971614,0.948080170364466,-0.662072709055395,-0.852085222198384,0.948699798905491,-0.72856493574715,2,3
50,"genet","reg60",-0.766214812848829,1.02815189359956,-0.812127418674982,-0.852085222198384,0.948699798905491,-0.72856493574715,2,3
51,"genet","reg60",-0.867554363653542,0.996826308614205,-0.758487304899197,-0.852085222198384,0.948699798905491,-0.72856493574715,2,3
52,"genet","reg60",-0.769641644102677,0.961018701134999,-0.760390680004679,-0.852085222198384,0.948699798905491,-0.72856493574715,2,3
53,"genet","reg60",-0.688171320996321,0.957954938338555,-0.798138898651779,-0.852085222198384,0.948699798905491,-0.72856493574715,2,3
54,"genet","reg60",-0.696701314229157,0.853228157005013,-0.769639680573393,-0.852085222198384,0.948699798905491,-0.72856493574715,2,3
55,"genet","reg60",-0.939751129609813,0.862722573115291,-0.634975035591997,-0.852085222198384,0.948699798905491,-0.72856493574715,2,3
56,"genet","reg60",-0.838111710722232,0.880413946626477,-0.704747250328371,-0.852085222198384,0.948699798905491,-0.72856493574715,2,3
57,"genet","reg60",-0.796750397998003,0.846633824628429,-0.72322696346475,-0.852085222198384,0.948699798905491,-0.72856493574715,2,3
58,"genet","reg60",-0.879218281806659,0.920105776660716,-0.692554663072284,-0.852085222198384,0.948699798905491,-0.72856493574715,2,3
59,"genet","reg60",-0.624953990912264,0.710676864651321,-0.74962027181215,-0.852085222198384,0.948699798905491,-0.72856493574715,2,3
60,"genet","reg60",-0.88870191087281,0.845061239547136,-0.662825431459205,-0.852085222198384,0.948699798905491,-0.72856493574715,2,3
61,"genet","reg60",-0.671931033862058,0.938792778010005,-0.805114551511156,-0.852085222198384,0.948699798905491,-0.72856493574715,2,3
62,"genet","reg60",-0.867466895658023,0.800697681001283,-0.620631227609542,-0.852085222198384,0.948699798905491,-0.72856493574715,2,3
63,"genet","reg60",-0.878986063988402,0.809647404998582,-0.628475567510215,-0.852085222198384,0.948699798905491,-0.72856493574715,2,3
64,"genet","reg60",-0.633604020039363,0.940969554602905,-0.821410078702547,-0.852085222198384,0.948699798905491,-0.72856493574715,2,3
65,"genet","reg60",-0.814721957145743,0.926181571258554,-0.722969498419327,-0.852085222198384,0.948699798905491,-0.72856493574715,2,3
66,"genet","reg60",-0.845441803919274,0.937256508024342,-0.705138465633235,-0.852085222198384,0.948699798905491,-0.72856493574715,2,3
67,"genet","reg60",-0.940244894252536,0.973110879034621,-0.734315859511093,-0.852085222198384,0.948699798905491,-0.72856493574715,2,3
68,"genet","reg60",-0.850899877802293,0.84714377855643,-0.705790553875354,-0.852085222198384,0.948699798905491,-0.72856493574715,2,3
69,"genet","reg60",-0.912141514947351,0.912237734021262,-0.652881432564281,-0.852085222198384,0.948699798905491,-0.72856493574715,2,3
70,"genet","reg60",-1.04372911061603,1.01221021313625,-0.665957313035689,-0.852085222198384,0.948699798905491,-0.72856493574715,2,3
71,"genet","reg60",-0.746536821343935,1.06047639156607,-0.853014383904056,-0.852085222198384,0.948699798905491,-0.72856493574715,2,3
72,"genet","reg60",-0.84199876860826,0.683194326629242,-0.61035018489215,-0.852085222198384,0.948699798905491,-0.72856493574715,2,3
73,"genet","reg60",-0.816881825390249,0.899377221730525,-0.724705537353636,-0.852085222198384,0.948699798905491,-0.72856493574715,2,3
74,"genet","reg60",-0.950310301679439,0.906395424022704,-0.679987373546924,-0.852085222198384,0.948699798905491,-0.72856493574715,2,3
75,"genet","reg60",-0.649592303764729,0.719996137039568,-0.766542133894639,-0.852085222198384,0.948699798905491,-0.72856493574715,2,3
76,"genet","reg60",-0.802614019616604,0.878113751428947,-0.73022929553833,-0.852085222198384,0.948699798905491,-0.72856493574715,2,3
77,"genet","reg60",-0.733622905755361,0.942435897035308,-0.741285977094329,-0.852085222198384,0.948699798905491,-0.72856493574715,2,3
78,"genet","reg60",-0.760561852506177,0.948348436741474,-0.786279593629656,-0.852085222198384,0.948699798905491,-0.72856493574715,2,3
79,"genet","reg60",-0.953167627987143,0.874065955981034,-0.628615821031075,-0.852085222198384,0.948699798905491,-0.72856493574715,2,3
80,"genet","reg60",-0.58630828617263,0.900507246258496,-0.816500238122907,-0.852085222198384,0.948699798905491,-0.72856493574715,2,3
81,"genet","reg60",-0.798280524247416,1.01876643154083,-0.731981296942096,-0.852085222198384,0.948699798905491,-0.72856493574715,2,3
82,"genet","reg60",-0.858018530226964,0.921393098058141,-0.723420731488683,-0.852085222198384,0.948699798905491,-0.72856493574715,2,3
83,"genet","reg60",-0.746909453104227,0.845029208695385,-0.744861673108398,-0.852085222198384,0.948699798905491,-0.72856493574715,2,3
84,"genet","reg60",-0.499591943425993,0.894427085866313,-0.865556308854555,-0.852085222198384,0.948699798905491,-0.72856493574715,2,3
85,"genet","reg60",-1.00214193289494,0.947048955410034,-0.674087993721951,-0.852085222198384,0.948699798905491,-0.72856493574715,2,3
86,"genet","reg60",-0.93605288683954,0.861546573550831,-0.624781233125039,-0.852085222198384,0.948699798905491,-0.72856493574715,2,3
87,"genet","reg60",-0.686708647601751,1.00477909463826,-0.819651451288207,-0.852085222198384,0.948699798905491,-0.72856493574715,2,3
88,"genet","reg60",-0.724464330584746,1.00121129668686,-0.821275248565089,-0.852085222198384,0.948699798905491,-0.72856493574715,2,3
89,"genet","reg60",-0.943689193826226,1.01273304687379,-0.702550532329751,-0.852085222198384,0.948699798905491,-0.72856493574715,2,3
90,"genet","reg60",-0.882742032949314,0.880058795990984,-0.677660296845879,-0.852085222198384,0.948699798905491,-0.72856493574715,2,3
91,"genet","reg60",-0.891609793726415,1.04541469041315,-0.701878715133133,-0.852085222198384,0.948699798905491,-0.72856493574715,2,3
92,"genet","reg60",-1.01845829711202,0.863161837241463,-0.604140500882211,-0.852085222198384,0.948699798905491,-0.72856493574715,2,3
93,"genet","reg60",-0.832101537778672,0.991180693199695,-0.727058895338711,-0.852085222198384,0.948699798905491,-0.72856493574715,2,3
94,"genet","reg60",-0.931679533267846,0.953275898870815,-0.707738135264606,-0.852085222198384,0.948699798905491,-0.72856493574715,2,3
95,"genet","reg60",-0.796220798341817,0.944189060775832,-0.749974838219059,-0.852085222198384,0.948699798905491,-0.72856493574715,2,3
96,"genet","reg60",-0.751294092138213,1.02571290537058,-0.738573346621921,-0.852085222198384,0.948699798905491,-0.72856493574715,2,3
97,"genet","reg60",-0.850172737733631,0.921557957082231,-0.746890963892395,-0.852085222198384,0.948699798905491,-0.72856493574715,2,3
98,"genet","reg60",-0.713856576829907,0.840589567942864,-0.727982056239004,-0.852085222198384,0.948699798905491,-0.72856493574715,2,3
99,"genet","reg60",-0.827075938221468,0.95413298273998,-0.704880837521381,-0.852085222198384,0.948699798905491,-0.72856493574715,2,3
100,"genet","reg60",-0.750330915996499,0.932737992537655,-0.7708676839436,-0.852085222198384,0.948699798905491,-0.72856493574715,2,3
1,"genet","reg100",-0.794621446731468,0.95645710502928,-0.750105057732489,-0.852085222198384,0.948699798905491,-0.72856493574715,2,4
2,"genet","reg100",-0.735120667820772,0.897790447397617,-0.734939463056505,-0.852085222198384,0.948699798905491,-0.72856493574715,2,4
3,"genet","reg100",-0.814469589541572,0.85805003455311,-0.696683228466798,-0.852085222198384,0.948699798905491,-0.72856493574715,2,4
4,"genet","reg100",-0.795788548290267,0.939338467027709,-0.741877040407367,-0.852085222198384,0.948699798905491,-0.72856493574715,2,4
5,"genet","reg100",-0.672205776824693,0.868614426896455,-0.759264001987675,-0.852085222198384,0.948699798905491,-0.72856493574715,2,4
6,"genet","reg100",-0.918676119836811,0.843854335375745,-0.684637113297745,-0.852085222198384,0.948699798905491,-0.72856493574715,2,4
7,"genet","reg100",-0.860394415576306,0.89255286575697,-0.727342766735448,-0.852085222198384,0.948699798905491,-0.72856493574715,2,4
8,"genet","reg100",-0.466238496079691,0.664415623495367,-0.783538213979133,-0.852085222198384,0.948699798905491,-0.72856493574715,2,4
9,"genet","reg100",-0.651688007936376,0.858909129785407,-0.775536395290664,-0.852085222198384,0.948699798905491,-0.72856493574715,2,4
10,"genet","reg100",-0.832924124673268,1.01550094851949,-0.740830312242233,-0.852085222198384,0.948699798905491,-0.72856493574715,2,4
11,"genet","reg100",-0.982658444443916,1.10438033879335,-0.706219692947613,-0.852085222198384,0.948699798905491,-0.72856493574715,2,4
12,"genet","reg100",-0.929927232586392,0.908340646078523,-0.650856997142356,-0.852085222198384,0.948699798905491,-0.72856493574715,2,4
13,"genet","reg100",-0.704645184286341,0.982649825220488,-0.78192976006716,-0.852085222198384,0.948699798905491,-0.72856493574715,2,4
14,"genet","reg100",-0.84802483286876,0.926680362968657,-0.695809852908136,-0.852085222198384,0.948699798905491,-0.72856493574715,2,4
15,"genet","reg100",-0.789122638498434,0.935478516914837,-0.746514592010084,-0.852085222198384,0.948699798905491,-0.72856493574715,2,4
16,"genet","reg100",-0.735224789409443,0.971540089950629,-0.793061576260052,-0.852085222198384,0.948699798905491,-0.72856493574715,2,4
17,"genet","reg100",-0.922564124282901,1.01658808559406,-0.70116693094263,-0.852085222198384,0.948699798905491,-0.72856493574715,2,4
18,"genet","reg100",-0.791318052337806,0.860050115008379,-0.696600517846516,-0.852085222198384,0.948699798905491,-0.72856493574715,2,4
19,"genet","reg100",-0.996739745606468,0.981601049494861,-0.688058100978037,-0.852085222198384,0.948699798905491,-0.72856493574715,2,4
20,"genet","reg100",-0.633892640557484,0.918383386599621,-0.849825549120771,-0.852085222198384,0.948699798905491,-0.72856493574715,2,4
